32 32
-36.4196,91.6826,18.8118,59.1096,8.62244,-90.3759,-20.0049,-35.6237,54.9315,-8.24587,62.3793,-56.821,67.1025,-29.9773,89.1952,25.5181,50.8668,-31.3679,-81.6209,-97.4915,38.1556,-44.8292,-71.3668,-42.9884,66.0715,-48.7041,98.3429,-99.9239,-85.7031,-26.3829,66.5023,-99.7168,
53.3265,-31.3441,-18.5538,29.4161,95.6591,51.0861,46.4583,-85.7154,0.374588,-7.689,-12.0831,-73.5159,18.0474,26.9423,-44.1717,-35.6241,-91.345,-16.828,-51.1169,-79.6047,-64.538,85.8198,83.1242,-13.9178,53.8471,55.9029,3.86736,8.86222,27.9618,-94.3833,-51.3062,-5.09425,
-74.6237,99.556,-36.5396,-3.86161,-77.8329,-4.83566,-35.7639,49.197,27.2395,91.7244,-70.5312,-76.3522,8.88998,-77.3379,-27.4386,56.7688,73.0333,-38.0907,-32.9287,-18.2895,30.1529,65.1863,-5.42595,-85.4061,-23.6374,-77.1747,-77.9342,57.1908,-58.9635,46.8229,71.9507,-63.4089,
68.8228,-42.2775,50.1905,-19.0739,-73.2777,17.0981,84.3479,-87.4228,-94.9663,-36.022,76.0086,6.40392,60.105,48.7265,-45.2382,63.538,14.3989,50.3672,42.1544,-9.8699,54.9091,66.3851,39.1103,-28.7637,-40.0545,38.5026,43.744,14.2137,93.5,-71.9008,-15.7932,28.798,
81.2551,30.1669,1.06688,13.776,-11.5359,18.5539,-97.9586,-15.4697,68.7616,1.9238,-35.4791,3.86934,-72.3383,-62.8855,55.8604,75.4498,-1.4948,-28.044,-64.1912,62.2146,46.8834,23.822,18.2787,73.7098,60.3488,-18.3843,56.0027,94.1468,25.028,-26.8833,-42.5094,28.4683,
80.2517,-57.6683,18.4657,30.8239,2.3191,18.0787,-88.3301,-5.60477,16.0505,67.406,-40.1218,-19.8579,-64.1511,-14.4293,15.1372,-3.37861,-48.5324,23.2543,76.5058,-59.8396,-31.6815,41.1283,-43.2306,-81.8802,27.9906,30.4632,88.6656,12.7147,-92.27,1.0587,57.412,97.2211,
40.7848,17.9319,79.3281,-23.312,94.3429,-59.6195,-24.3678,80.0155,85.0998,-6.5842,35.637,-54.4201,-51.7858,74.0934,5.0517,88.8406,94.4386,65.8786,-67.6348,-0.392441,-48.3567,12.7227,-23.132,-92.2629,89.5769,-47.1059,-75.3269,14.9335,88.4635,64.3203,-61.7103,19.7204,
12.3843,7.82157,-68.7066,48.9815,38.5986,54.17,81.8489,62.885,13.3995,-45.1809,-3.68621,75.0878,87.7193,15.023,60.4999,-16.5699,41.717,-74.896,86.3378,46.3584,-59.7136,-90.0183,84.5086,-93.4264,56.9813,-86.3792,-17.6857,44.4127,-16.9389,96.0969,74.3972,-49.4878,
-81.6727,56.6994,-27.8299,-93.0338,73.8515,-77.0663,-13.3543,41.957,-15.6319,49.0711,10.9576,-63.4017,92.9831,-3.01986,30.3137,-51.8392,-12.9533,-22.069,77.7046,8.87717,-48.7275,-62.9973,86.6526,89.0204,-53.7152,-69.769,58.2277,96.3988,-92.143,81.7928,88.2806,85.8538,
5.6174,-75.9329,45.0069,-28.896,48.5517,-77.7252,36.078,-35.8517,-17.0618,37.5739,-41.2246,38.653,64.7731,70.943,29.2819,-40.3434,-94.0201,-32.3219,76.7667,48.5816,36.7267,-16.1391,48.3517,-20.4982,34.1791,13.5979,3.15848,-97.2045,6.59225,9.82919,-51.1786,-82.2107,
-22.9888,45.3267,-26.2685,-33.5028,86.7341,92.9724,5.16122,38.2214,9.85268,0.584961,54.5767,45.2471,11.5524,68.2694,29.8506,46.3164,-89.6267,26.0423,67.7313,-46.898,38.9068,74.9796,49.9053,83.2011,38.0892,-30.191,71.4149,21.9606,-28.5363,-94.3034,-19.3551,-82.2866,
82.8933,-89.1679,-90.5255,69.354,-58.7509,24.7557,-22.1954,-20.7004,-32.8742,-65.9519,50.8427,-58.5809,2.64529,19.7517,82.4824,-77.9273,99.5131,-21.2564,-91.6987,50.545,-87.8288,88.0833,93.111,59.8639,91.8528,38.6006,-91.8717,-8.65723,-69.3904,-18.1305,-50.5988,31.2741,
-96.2055,-19.227,44.8259,-4.81689,97.2404,-6.68246,-80.5975,-51.0373,-57.2037,-34.5816,-34.2589,-11.1152,-72.3325,34.6927,-39.4195,-37.2645,-98.8016,-54.7286,-97.5913,14.3038,-62.171,3.97771,-7.6184,-84.0935,39.5428,-58.8454,85.4653,71.7872,-11.4009,-37.3065,-93.4581,-65.4192,
-59.7476,48.0659,-62.3953,-67.873,-55.5703,66.2841,-24.9444,85.5262,-80.1235,81.7593,37.9288,-31.6893,7.23721,87.1314,96.5276,-84.8221,-45.0055,25.8345,-48.1597,98.3479,-8.82726,33.4853,39.2563,56.489,-12.9322,-85.7708,-47.6634,42.2463,-57.4732,-71.6355,-55.704,13.6655,
-34.265,57.6949,-5.64433,-55.8,27.5235,75.2349,56.5428,-23.469,5.66288,24.2502,91.4235,-76.9038,-38.7219,-59.6497,-87.1927,-17.9015,-56.8392,-27.3447,37.108,24.9901,-78.1522,81.9686,58.2502,-79.1261,-10.0933,14.6943,-90.8803,-52.1576,-5.02324,-51.4439,-44.2696,-33.3131,
-87.9304,-99.5042,-31.038,-1.17677,-16.3727,9.66866,28.1228,64.7871,-61.8905,64.5066,-24.287,83.0094,87.2598,68.5101,-99.3232,38.8626,4.90806,52.3577,-75.8924,-66.621,-12.6507,-28.6121,-86.0751,16.6976,64.4481,-26.1014,-78.222,-17.9823,29.2471,-12.8577,31.8651,1.56432,
-70.7001,48.7837,25.4207,6.65095,7.49857,-39.2772,-76.0845,4.18291,-78.8354,-51.7173,31.4406,23.2137,23.2581,12.9891,-66.5043,32.1825,2.74677,36.7255,76.0754,-20.6247,-61.2933,-29.0741,93.1872,79.2234,36.951,-91.0814,87.9313,-88.541,45.3128,65.2541,-17.2475,-89.1674,
-50.7095,14.355,95.0448,-55.6331,7.74604,-95.2237,73.8309,20.7388,58.7967,-68.2392,-91.8321,-26.7632,79.3222,-34.6198,51.1037,93.5,-25.9437,79.0229,77.6806,-74.8067,-66.5818,-96.8138,-76.7772,87.1285,14.7367,-93.0865,69.66,45.0695,-85.656,65.5119,-19.8981,-85.0216,
99.4361,-35.058,-82.5479,-57.0373,-23.0739,-17.1589,-19.5832,49.5603,-6.96449,71.6714,-0.35881,46.6829,35.804,-63.5622,-30.8519,-42.8937,-29.0875,42.4545,84.7767,-18.7791,55.4711,-80.4265,82.4386,-41.6224,-30.6137,-82.3959,23.0161,52.9043,98.7346,70.5689,-66.2057,12.579,
90.3845,17.8767,-24.8393,44.3496,35.7234,54.9445,-55.2372,-11.8618,-79.1258,-31.6164,-48.267,-7.61018,-57.6985,16.4504,-66.92,11.6208,8.70586,95.4677,21.545,-25.3943,-25.6088,-98.7086,50.8312,85.8554,-63.5364,26.9762,-80.5867,26.819,17.9743,25.5475,92.4448,-80.7852,
75.7824,55.6703,-99.7346,-33.7217,67.8999,92.9423,-82.262,56.7137,-97.4776,-43.0387,32.8592,53.8363,57.487,-98.2664,40.7652,-51.9397,27.5899,99.8768,-69.1263,70.6995,-51.5519,-62.0754,81.7106,17.6415,-49.9921,26.517,-35.7636,85.6579,-75.0422,37.4344,0.66227,34.6372,
-81.2336,-32.618,-96.2912,-37.0242,-97.6212,-70.5581,34.8993,5.09302,50.0114,35.0672,48.9353,-56.0101,-60.4531,45.9221,-94.0082,47.3295,-13.8802,97.3343,-68.8488,37.9505,90.6668,27.2692,-91.7583,-10.0897,-86.3089,-94.9632,-89.4638,2.52999,31.0001,-35.9101,-32.1106,-78.8732,
12.6614,64.0325,-2.61724,-79.4467,44.2931,-27.2217,-6.82676,57.4568,53.2811,-43.8616,73.6711,-7.48466,-35.0385,-54.6559,-26.5441,25.8735,44.7025,-60.2602,-27.2282,68.5555,18.0319,-2.23916,12.3112,-5.65397,-23.2122,-72.8835,-18.648,10.441,-98.5491,-68.2695,55.7678,-83.7307,
-42.0043,37.0227,-82.7386,-74.8194,-85.6485,85.7851,49.9135,-85.1041,-0.0505219,85.9132,-51.622,-23.068,-33.6986,38.1005,-69.284,-10.1958,3.11504,69.4146,19.6305,-30.3027,-49.6074,12.6735,-82.8541,-90.5442,-18.877,-47.8869,-96.1691,18.2685,12.5271,-3.89433,-29.9965,61.5844,
5.71718,-8.98398,11.5761,-3.3028,5.32661,-53.3225,71.6167,82.1546,99.8569,-44.9504,24.2186,54.6996,-9.97984,95.1926,90.6181,16.6806,0.947906,-74.0525,-77.7076,63.1893,-1.51683,94.4337,-38.4431,68.2594,57.2553,-77.1324,7.2299,-13.6094,17.9292,10.3985,-48.2918,44.7061,
39.017,-70.8955,-84.4803,83.2314,2.76526,-14.0905,50.1673,-8.68196,-27.8672,-46.7487,75.1268,4.15405,-38.3466,93.2433,-2.16104,30.8611,87.2389,-12.3391,-7.31287,35.6304,71.3451,47.5312,77.0563,91.3828,28.0731,40.7331,-22.179,94.2825,3.63263,-3.88681,48.1441,-76.321,
-20.7078,-53.7465,-31.3764,-88.3831,-50.2776,68.4321,-97.1296,98.2388,-35.391,12.9521,47.0485,-29.3251,26.4491,-52.3044,84.6374,-54.2151,6.81404,96.8078,-66.7815,-54.6319,31.0401,38.7117,-45.4214,-7.93755,-99.9942,-87.6164,-51.9293,-4.64899,-20.3378,45.5455,-26.4611,12.982,
-70.211,58.9798,5.76176,-90.7999,30.545,28.3706,32.5245,59.1427,5.42238,37.7486,-52.0783,-14.9311,55.6107,82.768,-67.4662,79.3946,-11.4392,-43.0955,79.5968,-57.2044,25.3174,46.1312,35.2487,-36.1935,-51.3034,85.8406,-14.7033,48.7165,-79.1224,17.3931,-97.3971,73.1605,
97.5959,-82.7457,50.5471,-42.3643,23.5791,53.2055,14.3206,-42.7765,65.6211,-45.5167,-13.0657,-95.1045,7.98723,-53.8686,-98.1381,68.2522,76.8214,-74.5431,-99.8605,87.5062,3.66991,32.122,-16.0002,80.8856,12.5849,-21.7988,-35.9931,25.0986,-2.60656,-58.6677,-27.8941,-73.2117,
-14.5423,32.7776,42.3606,54.9783,76.2524,52.2594,-57.8908,-85.7863,-88.826,-91.6085,15.1055,-24.9648,-32.8543,-12.3633,-42.964,75.9032,-67.1564,82.266,-60.9974,17.8098,-71.994,34.449,34.2693,92.1083,71.5638,-88.2426,-6.062,71.7918,-65.2132,79.8866,-32.2047,-94.0931,
-38.3936,59.702,32.7858,-21.3947,-51.5649,-26.993,-90.0938,48.847,68.513,33.8992,-50.1304,-16.4304,44.3259,-69.4812,-84.0853,54.451,53.4626,67.6527,22.7513,-38.1216,12.4177,10.5301,-52.7408,64.2056,-62.6766,-19.1156,74.4712,-79.6706,78.2314,35.4246,73.9462,-46.0252,
-51.8377,-47.632,47.4971,-81.5925,20.5832,-97.5855,1.49939,82.6197,-91.1402,79.4145,-9.25571,99.4478,-97.8911,-9.25706,-72.0137,-68.5392,76.6675,-72.462,10.4822,70.0319,38.1886,-10.9326,-1.41998,-8.91879,6.39665,-66.9746,20.4877,-50.3173,58.8834,99.4436,-20.1981,37.2064,
