32 32
-28.2522,95.2687,53.5078,-73.2627,-40.8839,33.7701,-0.464333,18.7019,-50.4708,46.9601,-14.9022,88.8854,-4.53545,22.7664,-60.8965,-74.0422,-30.0571,58.2371,-37.4489,-29.7791,-8.89482,80.9022,92.7285,60.7778,-27.3508,-51.5639,-52.9709,27.4532,-23.0312,83.7074,-62.4063,37.8693,
-42.6989,31.7401,-16.801,-6.72147,-35.7001,-70.801,-36.3797,7.32492,-80.6552,-32.5117,-54.0085,-4.30206,22.229,-63.6857,96.3943,-50.4154,12.3045,-66.0086,-40.0854,77.6327,88.4546,-60.3928,26.6073,12.601,23.8242,38.4438,76.7326,39.6354,-27.918,23.384,5.06803,70.1618,
-70.3386,-68.2158,-70.7518,-46.8745,-15.1235,-4.62711,26.3233,-30.7802,28.7411,31.2925,59.1107,29.6309,71.3229,5.0447,33.4649,36.4672,88.7099,41.9895,65.9619,-70.9129,-61.2187,22.4342,-17.7616,53.7563,93.7894,-13.4595,18.6959,60.906,-45.4058,46.0166,19.1672,-89.7327,
17.4924,-89.9559,0.0772018,-44.8813,70.4979,15.6754,13.3107,35.4532,96.2471,41.2828,-67.5804,-11.8873,0.769928,-65.8919,23.3062,25.4531,-3.18649,1.3312,-67.2171,-26.2946,-14.4922,16.3337,42.4422,29.8226,57.3388,63.8589,59.374,-49.3595,6.67735,15.4358,33.2182,-20.8673,
37.4545,4.94054,48.6168,5.99272,-24.5381,-77.5996,-9.75953,-47.2335,-92.3176,-61.3034,-2.64812,-51,24.0874,70.4179,-50.6151,51.0065,73.1051,-80.0872,-34.3028,-68.236,-30.3961,31.3276,-66.4693,-49.727,-56.3636,74.146,97.0451,34.4009,75.3497,-24.467,-18.4802,85.1775,
91.6772,-21.7959,33.0892,-97.7294,-0.751198,-52.6246,61.3218,24.9986,57.3456,25.9512,-97.6905,-48.2584,-15.9874,-71.6407,92.5853,69.2549,-42.2019,95.0774,-96.7721,63.3035,-94.1323,-47.214,-80.92,26.7938,63.0181,-54.6786,-57.5399,-97.6554,77.9089,73.774,53.4366,96.5806,
26.8652,69.1652,-57.2996,-78.0676,-98.9111,-31.9504,63.3081,-34.9891,-52.8274,17.733,-24.3353,97.6413,50.0127,76.6867,20.0615,-44.5647,7.32368,1.8901,2.49424,39.9202,-60.6793,0.850426,-99.6212,-77.3392,96.5832,40.4593,-12.8367,-53.6326,-26.0391,-77.9499,-65.0969,-81.5268,
-36.9331,46.7524,-6.12468,40.3892,-50.8821,99.3959,-4.69466,98.3156,-73.2466,-19.0382,-42.912,51.0415,-37.9834,-74.2269,35.3645,-97.5423,43.9192,-87.7433,-16.6453,-41.8912,-76.2003,80.241,-23.7244,37.2833,-34.9147,66.9241,49.5573,-86.2234,-96.9549,-85.5859,16.6516,-76.0152,
-96.157,54.2796,39.4815,11.8701,66.8623,-64.4541,-32.1909,-25.0089,-11.8054,58.7507,-11.4798,-91.8196,-68.2483,-95.9623,99.1963,-33.4934,62.2633,-96.0573,-40.1952,41.3739,93.5377,84.3558,49.962,55.3725,-55.2007,72.7296,-48.2736,95.0122,13.9102,35.607,88.5656,37.2855,
-5.13239,90.1198,-69.5258,31.8246,-80.0247,-4.69193,-49.5228,49.4689,-59.0112,-75.1397,-11.706,85.0011,-75.013,-18.6875,-73.0214,-36.2628,23.8177,-58.0835,46.2443,2.38795,-40.5419,73.9172,88.5745,-86.8944,93.2919,-76.8925,82.9756,-96.1501,-13.1345,54.6517,21.4203,38.4623,
-82.7478,-31.9258,-54.1985,-39.7723,2.88981,-84.7616,-72.1255,65.072,11.9225,95.1725,-96.9993,99.0432,-3.73915,-53.4416,-93.1494,17.9226,61.3485,15.0008,-90.6267,-41.9452,42.8335,1.12268,95.9697,-68.4845,74.0434,22.3856,-54.9108,-92.0227,29.2956,-27.2901,-65.9665,-6.29926,
19.9945,33.8549,6.453,92.7251,41.4106,12.351,-85.4513,-25.1767,-67.5204,-99.9984,46.4434,-69.629,26.7656,78.2527,-83.103,-67.489,59.9629,6.19861,23.198,26.2765,73.0293,9.17015,66.2986,-43.7407,-17.6277,-71.8473,80.2289,10.2595,-3.03381,-73.0759,-19.2064,45.6369,
58.6422,70.6539,-70.2959,-46.8577,62.5169,72.6786,82.2712,-39.7104,-5.65961,26.1775,-31.0384,1.33929,55.8331,63.7225,99.8837,49.8224,-30.5769,36.4316,-91.4862,-99.1412,-32.3752,-34.9156,-42.1343,-55.923,-48.7477,25.6998,-41.9949,18.4229,-82.2166,-83.2308,20.2178,14.7877,
-72.0196,-8.26447,64.7908,73.7634,-49.4911,-6.9881,25.3721,-86.8931,76.6013,32.7481,49.0936,58.7217,-4.70239,7.04005,-49.1797,-96.1597,32.6747,-83.8518,-9.72077,23.2041,-61.8717,-37.2159,43.349,-99.539,81.0466,17.2986,-27.201,-88.1883,78.955,-47.4686,-97.0267,45.9039,
-65.5262,63.5447,70.7554,57.9195,-30.2939,23.167,-44.6126,-30.0095,-30.148,61.8789,64.2674,-27.2075,70.9474,-84.382,-46.611,93.4795,6.519,77.1938,-68.1142,-98.1718,-67.7476,-56.585,15.5777,-9.50239,29.9047,70.9182,-14.7352,95.437,-77.8796,26.9451,12.9952,-9.15374,
87.3605,88.5318,-55.6209,69.2428,-59.3894,56.4539,61.2266,83.4487,53.7088,75.0358,-62.4228,-45.6639,68.9913,13.4119,76.1102,-42.6579,99.8627,71.6902,-25.3805,-39.9911,-5.67284,43.4692,82.1581,16.8939,-28.9376,-76.3976,81.6779,22.4628,90.3175,-40.8593,2.45401,86.9729,
-2.28954,56.2771,8.91029,45.1624,-90.9299,-43.1898,-40.3145,-69.337,-11.1973,58.6394,-64.2804,76.1841,97.5261,-56.2593,-67.8755,-28.8769,-65.9059,-21.3027,-19.7573,-0.688126,61.1099,55.7561,-44.21,51.1458,-79.7688,40.3277,-97.6173,32.8752,12.2079,-0.214081,79.0589,5.32993,
-86.5968,-48.42,-37.1735,-78.6428,48.4594,-9.38229,2.38792,86.562,-52.5803,-68.7299,42.0014,86.0781,-25.011,34.2413,-36.935,-94.4939,-44.0717,-62.6064,-21.4989,-27.1382,77.1031,98.3303,83.0271,17.1933,27.1083,61.4879,12.3905,-37.0833,95.4543,27.7504,-81.6699,-77.6502,
92.0614,5.73398,-27.948,-70.9149,-87.6129,-23.8465,-7.16971,-7.42687,98.2573,-31.9757,-52.9082,73.5208,43.9325,74.8757,-39.3568,2.60271,-91.5619,52.5771,81.9072,-46.167,-41.3373,-88.6525,44.0828,-85.3764,22.7045,-30.1704,45.4895,35.5273,11.1918,4.4142,-62.5178,-68.7277,
64.7803,-20.8827,-71.9396,61.8658,-72.7975,-61.5785,50.4519,61.5853,-6.97551,0.194725,-78.1287,15.1408,66.9077,10.2412,77.6676,-82.5377,-60.6687,46.3875,-74.9388,96.8877,37.1718,-61.3689,-49.1983,-72.4676,-12.7935,-83.1077,70.2764,-61.0118,6.98386,-20.2009,43.6094,67.7836,
-82.6895,-66.874,-9.13947,49.2614,-53.1604,27.9692,-21.827,-7.06118,-9.81549,85.116,-26.8252,-58.303,67.0521,-31.7306,-51.7953,67.3277,-36.8516,39.4865,25.0892,73.0753,44.8412,-94.9027,-7.56737,16.1672,24.4088,92.3931,-15.6963,33.842,-78.5696,84.07,-52.6818,79.3738,
-13.0171,27.0282,11.5032,12.7131,3.62057,36.1327,-63.0322,-91.4656,-64.2823,-14.7774,27.4271,64.3593,13.6984,-29.3371,-43.7878,22.7307,63.3937,-26.0642,-47.9767,13.1482,83.656,-61.9896,-27.099,-37.3493,94.5998,64.1267,-95.8224,1.99174,-11.5818,69.9297,-67.8561,-19.0117,
9.70595,64.3404,-36.8098,24.6762,-82.6422,83.7558,-97.3142,39.3995,54.7022,75.0679,-9.12712,62.3121,75.8366,-5.81686,-56.0505,12.2112,16.972,-93.4238,-37.2439,62.6123,-95.3612,31.2344,70.5322,15.968,-48.9043,-21.9898,71.4673,-4.35214,-72.429,-10.6938,-96.0565,94.6084,
-13.7679,-53.1511,81.021,23.5537,86.2614,0.840012,-97.9371,-83.5344,-42.1752,40.7101,65.8106,-40.0574,-95.6205,-3.64564,60.1946,-85.2791,2.46992,73.6419,-30.703,80.434,-47.4353,56.2099,-44.1886,74.7733,-32.5822,-96.6868,-35.8417,-89.8514,71.4727,-52.5879,48.613,-24.038,
10.7824,-7.16933,39.087,35.0242,-52.6783,-71.3678,45.4123,35.1807,-73.8185,-72.9472,-5.36383,22.5814,95.9713,27.0145,-32.2086,-17.7641,-39.1833,85.8526,80.6576,65.9761,-38.6684,-37.3456,95.2905,-89.0197,-51.4043,79.7207,65.5491,-78.7539,47.8825,80.8046,76.2747,58.0698,
-40.0384,77.8242,44.4765,-90.3442,-65.8655,24.984,61.5801,-74.6915,99.3631,40.9783,-0.847656,-17.134,-32.0148,90.4639,-4.39501,22.0256,71.6378,65.0231,-52.6417,-17.9627,-92.1686,-33.535,36.3267,57.091,-56.6399,-96.0233,-35.8835,37.8541,-23.6007,17.977,-8.70789,57.8232,
-84.029,-73.6995,-51.1317,-76.9495,-55.0754,40.0933,-28.4613,70.3757,26.7885,-14.4263,-98.7478,48.1876,-58.5448,-41.2794,91.4006,30.0665,24.4045,42.4142,-37.356,-25.7245,81.3038,75.9806,49.7592,13.3431,99.8344,10.7337,-1.07144,76.5525,-98.2846,-5.16821,-94.8445,97.3506,
-69.0943,-81.7017,-27.2999,78.656,-13.932,-12.3616,95.4404,37.1692,-57.9709,-45.1261,79.0796,44.123,-97.3688,63.935,-39.1028,40.3235,59.1071,67.9667,86.7212,-31.682,-8.04466,85.7511,-40.9753,-91.9528,90.7915,-20.6436,69.0869,-31.3739,-96.9835,46.5939,-88.2633,71.3324,
-64.4222,31.9509,-25.6618,-60.2014,18.4655,42.6078,-74.1731,-34.1332,28.2285,95.6052,70.9326,-79.5539,-59.856,-55.3904,-44.9999,-69.454,40.348,-59.7762,70.243,62.5622,91.2186,-59.3082,58.3463,79.3835,-40.5425,-91.5815,-32.8174,82.9164,80.2171,86.5495,63.396,72.796,
76.5551,89.6889,-68.7032,-4.99773,-63.6785,-90.1876,80.8372,5.46362,9.05313,-81.5608,-56.8439,16.2203,5.01984,70.5045,-68.1232,65.9075,54.2368,33.9621,-2.63498,17.413,43.8031,31.5071,-76.4661,-1.64802,-87.6985,46.7304,71.5562,-67.2353,43.0738,-39.8929,-28.2417,-90.0227,
-17.3173,49.4754,43.4141,-85.8403,-82.42,45.1754,53.9917,-22.4696,-16.2862,0.449112,-68.7194,99.239,24.6853,26.6084,1.54427,59.2087,-74.4736,96.1556,64.8753,32.3889,-49.0794,-49.2106,-5.50369,15.5029,11.6581,-81.9061,71.7217,-34.4041,27.7978,-34.7685,-2.10777,28.6027,
7.7503,-44.6595,6.19073,-85.9197,49.9101,-70.3257,-18.2696,-26.7579,-29.2498,2.45367,53.8676,-8.16067,-73.8882,-83.9603,-46.5776,21.7437,-95.5054,-29.1819,47.837,22.9047,89.7527,6.76344,-44.2039,25.6948,-53.6895,-94.3227,-28.9145,80.5938,-81.2094,73.4023,-45.0155,55.8193,
