32 32
18.5807,-70.4424,85.0762,55.9926,91.3982,51.7847,88.7534,32.5348,-86.7106,31.0225,48.1515,28.8246,-64.2859,74.4645,-36.1676,52.5559,9.44617,67.5703,-40.1208,-63.6119,-54.8251,52.4692,37.8165,19.947,66.5597,-24.0567,54.3974,-3.55894,-85.1114,86.1521,-89.161,73.016,
-12.159,24.559,-95.928,20.2948,-76.878,17.7873,88.9597,-24.7731,-18.6084,55.8525,17.4578,83.8013,59.6286,33.65,12.7859,31.0284,18.1127,-70.6103,-94.6578,-64.5129,47.4487,-92.6135,25.2905,47.8354,38.3861,-70.4758,66.8754,-77.8,6.58396,-94.6466,17.9811,-87.2289,
61.4009,-45.3292,91.9058,-84.762,-81.3945,87.1867,9.72646,67.8117,98.2399,-50.8928,79.091,-52.4961,80.5798,72.0096,48.8532,58.3712,69.5762,27.6283,37.5679,-45.5014,-36.4193,-66.7755,-68.061,88.3817,74.5267,-60.4776,-11.0791,-76.7634,-98.8096,84.8199,-44.505,63.0493,
6.69312,26.1352,50.7569,-47.2355,-37.3595,22.5885,97.961,39.8021,77.4044,-61.9463,92.801,-69.8076,-17.3211,58.9487,-21.7021,23.2813,-83.2266,51.9896,12.8002,15.4164,-53.352,-34.0864,-38.3155,-84.6124,-16.4764,42.8428,81.4445,-8.75021,12.2909,46.1756,18.4805,-45.9412,
-3.54613,84.0613,-39.5575,-86.8275,-81.2659,66.691,-56.8311,88.8417,63.4853,-86.1232,-56.6424,52.9303,74.2542,13.1091,-21.2666,-60.9972,67.8795,67.8403,21.974,-8.74507,-58.6385,75.3268,-9.73889,-11.8895,28.6037,19.7334,-51.6195,5.95402,19.5685,78.6114,74.669,-42.5534,
40.0062,-11.3482,-8.02496,-14.2401,94.0861,63.5763,84.6417,49.8605,-34.0278,8.74297,97.9774,-31.3303,87.2178,62.7133,-67.7705,-48.378,16.3645,63.6512,-66.6537,-48.2546,-53.4241,79.3898,-31.3504,4.89726,-58.464,61.0473,7.55539,0.917747,57.1689,-87.6249,-60.0569,33.9006,
-16.4503,35.6825,64.5158,-57.0137,-20.9923,-94.468,67.5003,-71.2803,-42.5736,69.9579,-49.9899,-61.878,30.6998,-97.8266,28.1518,71.2233,87.8025,70.6158,-50.3031,-45.3139,-12.394,-51.3026,-87.5351,-60.0676,61.7327,33.4789,-93.2428,-16.5613,62.0688,71.7212,-12.3357,26.9384,
52.2241,97.0518,8.49161,-59.6185,59.955,40.7653,68.2409,-78.1113,47.2361,30.2487,88.8755,61.6887,93.3718,-86.7106,-16.2439,90.5849,9.48965,-87.0062,15.6947,80.1151,96.2913,27.2725,-50.8937,-82.9854,58.7284,-34.4895,7.43266,50.3132,-67.4017,43.0182,41.4056,-49.1566,
-27.2371,38.3722,31.1196,66.3969,-57.1534,-21.421,-43.5174,-73.5607,79.226,-60.3958,-65.0691,-18.5688,-31.3665,76.6743,-26.6772,79.1848,-51.9555,82.739,-46.5628,-80.2757,61.8636,-44.8393,-7.79668,14.0817,-35.0454,10.5171,-14.7133,77.2196,59.6599,79.3159,30.6001,29.6896,
34.774,-81.4651,-40.6222,-53.3725,20.7117,-60.5239,-70.3461,72.8297,-68.0573,-58.0299,-56.3489,43.2124,63.2516,16.8762,-16.2073,42.2415,53.6442,-16.5008,25.706,38.1746,99.7337,90.8116,-11.7686,-52.9781,56.0421,-63.5367,16.7061,-61.1526,-27.027,41.0298,92.1759,-87.1553,
86.8026,-77.5723,62.7941,71.9657,74.6592,-69.938,-91.6066,-48.4231,-95.931,-28.8809,-12.1422,-61.0068,51.1932,6.61615,-31.1747,-87.3262,-86.7547,30.7491,14.8628,-76.3699,-84.8419,-6.63982,50.4371,-51.5803,-40.9155,84.4283,97.0545,-8.09464,56.8342,-79.6774,72.7358,-66.8745,
77.9123,8.64701,89.557,34.3565,-40.9485,32.9807,-5.96286,-40.0047,-2.05127,54.5166,36.8243,17.9056,88.6944,60.8092,19.0577,81.357,-81.96,-50.8536,41.5694,90.092,-10.7771,-17.7474,-14.0262,-74.7136,6.55314,20.1397,-23.99,-75.6332,-69.7245,-87.985,-17.0438,12.913,
-70.9803,86.8504,17.5359,76.8652,-94.9482,64.568,-98.585,-36.3462,29.0784,-21.5684,67.2387,31.8709,55.0089,-83.7938,-32.8557,-89.2663,62.7161,-10.6881,20.7671,4.12299,47.6481,-85.6014,3.37063,-3.0955,-92.1674,32.4887,7.43835,-14.0041,-16.584,78.3226,28.6091,-57.6473,
-33.5456,-82.6413,-92.5209,-70.5541,-87.5688,65.7171,-10.5843,-22.4212,-12.6026,59.5071,51.643,-11.7686,29.5327,62.8362,72.2413,74.3855,-27.3191,-77.7015,-76.4932,-40.0916,35.8974,-56.5843,-99.496,-85.9385,16.8154,-94.0077,41.9406,-38.807,-3.69143,-10.3366,74.2197,-21.6374,
-53.3705,-32.1299,18.5148,-60.6385,26.4317,-87.8209,70.0924,52.2268,35.1265,-44.2752,19.5976,-12.8705,-98.915,-44.7223,71.4797,-17.7341,-16.4876,83.6611,-62.0399,-56.9211,85.982,85.0943,-86.3957,55.4548,99.4681,49.5028,-24.8953,27.8209,78.8566,15.2226,-85.2355,-10.5928,
73.9593,-72.1697,-8.77777,72.4151,-28.6881,-51.7897,47.3345,-28.3127,-35.0295,42.8314,69.549,-11.4761,-96.8888,16.1699,-83.241,-82.7905,34.7096,-10.5948,5.15398,95.0908,-5.96194,72.2321,-23.5377,-80.557,51.8152,29.3073,-17.1945,-36.2653,65.7404,-95.2169,-42.2109,38.6034,
46.8328,-97.9703,-84.3066,90.0832,-96.9949,-25.2357,-62.3491,63.4736,-6.82383,92.5214,-95.5459,-31.8318,-86.0024,-24.6912,-91.3251,-50.813,14.6302,40.1719,-37.9893,-56.0851,1.27939,8.40764,18.4727,44.0262,17.3768,15.1955,-94.1071,70.037,-35.2021,-91.1181,-31.2504,-66.5624,
-5.37854,21.3715,-17.3299,16.7689,54.1016,71.5456,-50.6005,-67.697,13.7714,-79.135,76.8873,-78.0522,-98.2315,-4.0222,67.3146,-90.3623,53.4911,-92.9987,-94.311,30.6337,80.71,94.9363,5.67034,55.0517,-19.7666,-86.2579,-58.4217,-58.3371,-24.0208,10.4221,97.7552,-57.4966,
-99.4356,-71.4379,-69.7459,63.819,78.1601,72.1291,-62.7849,48.9129,34.5649,-7.47911,-56.6961,-0.841728,-92.36,-24.6139,-21.075,62.8636,90.1816,-1.44464,46.9444,65.6103,35.8784,49.7664,34.1336,28.9604,-88.906,41.791,20.5977,19.1322,70.576,-4.22684,-84.634,-30.5326,
26.3764,-44.5174,8.71637,-15.1405,-89.7219,12.5454,64.0511,-11.9517,11.1191,-31.9514,60.2862,8.43864,45.0723,-30.7922,45.0214,75.4517,-41.6619,90.7945,65.2198,-55.0633,99.3218,-24.2915,-57.1137,-67.2754,32.1891,48.6325,41.3685,36.768,-76.9259,30.3596,-91.0401,-89.5154,
-13.0695,-51.4599,-64.4689,22.3308,80.7054,52.5391,72.1092,-75.2788,-57.8067,-54.4235,56.2656,20.5634,10.9661,-26.7566,-77.782,70.8618,17.041,-76.5469,-21.7257,-62.0973,-83.0339,-97.7079,-81.9045,-96.9557,22.9443,-87.1332,83.7701,32.3153,65.867,-87.5141,-95.7661,-79.7779,
27.5494,-50.2639,73.9215,82.2372,29.9545,-80.749,-77.8087,3.05294,70.7912,43.4828,-63.2003,-89.6788,-7.2198,52.9191,-3.78406,-99.5552,30.0073,33.2573,61.4798,-9.13866,21.3652,10.6947,-3.4136,-2.19433,-51.0065,-0.106155,61.5267,60.8813,31.3747,19.9418,-75.8775,29.5839,
43.7918,-3.09917,99.784,-37.856,-29.897,-54.7486,77.616,-6.27715,-55.7569,5.36507,45.1109,56.8398,4.53706,72.7047,-29.2075,-42.5006,-83.1369,77.2413,-96.4482,58.0027,-88.9952,37.79,42.7654,68.823,-58.6589,-33.1389,56.1171,9.19376,45.9302,-22.5685,1.07524,88.8954,
-86.8703,-43.5723,13.0343,31.2208,82.4017,72.3513,-37.7182,-53.0255,26.9229,75.8757,-30.6166,-55.9004,-8.45773,94.2697,38.6806,69.8154,25.2285,-21.7547,51.9006,-23.9199,72.55,36.2768,71.2296,48.0575,18.0998,60.9359,50.0735,39.6082,-54.8346,-82.6639,-40.6371,15.7326,
97.3338,-21.8167,47.2979,77.26,4.46892,-40.0654,0.285912,16.8498,59.1822,-61.8068,-23.3773,92.4134,-86.9219,-10.3146,62.0255,93.3604,75.1187,81.5639,51.3361,46.9475,84.4579,-44.3726,15.8728,-91.489,96.7175,-56.4537,59.2933,-75.4641,41.8389,-6.12876,96.7259,-43.4297,
-13.3144,-7.63886,-37.3243,-13.9554,22.4826,-3.98093,72.1024,-41.9238,17.9718,-39.2961,-94.8522,-64.2794,30.446,66.5883,-45.481,26.5757,-0.98056,-89.8494,-28.2812,-49.8656,44.7555,-44.098,-77.5829,-69.117,98.923,9.00046,-85.6362,4.65472,-58.0683,82.0284,-45.2169,28.4938,
-83.8093,99.0349,49.6947,-4.69649,67.9897,-49.5908,55.3342,-14.3095,-91.688,60.0382,-61.9118,-67.7034,7.42508,68.6297,-94.3813,65.1731,89.3972,88.9988,60.1168,33.5486,61.8824,19.7408,46.4931,41.4423,-96.3879,-90.612,61.0948,29.8444,-22.8353,-23.0511,59.2078,-61.2291,
-18.0268,37.0079,41.267,55.5335,-3.03428,99.345,33.7849,0.0463867,5.60549,45.9357,-84.1415,34.4375,82.3912,-38.4072,-12.9197,-11.964,5.77067,3.87878,96.7469,79.11,6.59119,-67.4151,42.6545,-16.8655,91.0473,-13.23,-78.6505,-47.7421,22.1291,-0.870949,36.5993,-28.7129,
-92.3117,-97.0086,-96.1523,23.3519,-61.508,-47.3973,10.2051,68.7737,-24.9976,50.1892,66.1543,47.524,61.0475,16.3095,12.7807,56.3809,30.8838,-36.7542,-3.90724,-83.7664,86.642,-21.2141,66.1789,14.3147,79.5399,-95.3024,-52.6541,-81.5048,73.5785,21.1638,-78.3038,68.5233,
30.9112,0.0702591,-20.0192,-19.8134,-74.8925,55.9613,86.4097,-47.158,-97.8861,-62.5664,5.74067,43.522,-14.186,30.2989,58.5024,57.9871,88.1768,4.9546,99.5024,15.3481,17.3408,24.2739,-95.6675,65.578,8.36368,18.6342,71.7822,-42.2108,-92.733,-26.2311,-40.7698,8.40212,
72.7533,-8.31441,38.711,88.6939,97.9222,-74.7596,-5.48791,-0.926544,-60.5319,-23.1049,-79.9736,-16.0014,-20.4411,-59.0411,11.904,-6.19659,-86.7616,-16.6772,-5.55389,-76.8828,-80.8632,-53.3503,-6.16833,-24.5012,-10.3332,-91.9706,58.0961,83.2182,7.47604,-1.10213,89.3412,85.4681,
99.5485,54.6498,-91.1627,35.2817,-25.192,1.46971,-32.4125,-19.2754,-42.8852,-69.8274,-75.6437,-7.34383,32.5927,-65.9874,-97.0035,74.1465,91.2398,-33.6346,35.0175,41.5484,18.2334,35.4066,49.1849,96.5318,-64.5423,-22.9923,-56.5284,45.0032,-5.08881,-42.1746,50.6599,-16.8306,
